
Applying ATLAS style settings...

Info in <TCanvas::MakeDefCanvas>:  created default TCanvas with name c1
('nx, ny =', 50, 50)
we are in single_unfold()
we are in unfold()
Using Sunfold method....
We are doing toy mc...
('doing toymc ', 0, '...')
warning: dx>0.5*x, set dx to 0
warning: dx>0.5*x, set dx to 0
('doing toymc ', 1, '...')
warning: dx>0.5*x, set dx to 0
warning: dx>0.5*x, set dx to 0
('doing toymc ', 2, '...')
warning: dx>0.5*x, set dx to 0
warning: dx>0.5*x, set dx to 0
('doing toymc ', 3, '...')
warning: dx>0.5*x, set dx to 0
warning: dx>0.5*x, set dx to 0
warning: dx>0.5*x, set dx to 0
('doing toymc ', 4, '...')
warning: dx>0.5*x, set dx to 0
('doing toymc ', 5, '...')
warning: dx>0.5*x, set dx to 0
('doing toymc ', 6, '...')
warning: dx>0.5*x, set dx to 0
warning: dx>0.5*x, set dx to 0
('doing toymc ', 7, '...')
warning: dx>0.5*x, set dx to 0
warning: dx>0.5*x, set dx to 0
('doing toymc ', 8, '...')
warning: dx>0.5*x, set dx to 0
('doing toymc ', 9, '...')
warning: dx>0.5*x, set dx to 0
('doing toymc ', 10, '...')
warning: dx>0.5*x, set dx to 0
warning: dx>0.5*x, set dx to 0
warning: dx>0.5*x, set dx to 0
warning: dx>0.5*x, set dx to 0
warning: dx>0.5*x, set dx to 0
('doing toymc ', 11, '...')
warning: dx>0.5*x, set dx to 0
warning: dx>0.5*x, set dx to 0
warning: dx>0.5*x, set dx to 0
('doing toymc ', 12, '...')
warning: dx>0.5*x, set dx to 0
warning: dx>0.5*x, set dx to 0
warning: dx>0.5*x, set dx to 0
('doing toymc ', 13, '...')
warning: dx>0.5*x, set dx to 0
warning: dx>0.5*x, set dx to 0
warning: dx>0.5*x, set dx to 0
warning: dx>0.5*x, set dx to 0
('doing toymc ', 14, '...')
warning: dx>0.5*x, set dx to 0
warning: dx>0.5*x, set dx to 0
warning: dx>0.5*x, set dx to 0
('doing toymc ', 15, '...')
('doing toymc ', 16, '...')
warning: dx>0.5*x, set dx to 0
('doing toymc ', 17, '...')
('doing toymc ', 18, '...')
('doing toymc ', 19, '...')
warning: dx>0.5*x, set dx to 0
('doing toymc ', 20, '...')
warning: dx>0.5*x, set dx to 0
('doing toymc ', 21, '...')
warning: dx>0.5*x, set dx to 0
warning: dx>0.5*x, set dx to 0
('doing toymc ', 22, '...')
warning: dx>0.5*x, set dx to 0
warning: dx>0.5*x, set dx to 0
warning: dx>0.5*x, set dx to 0
('doing toymc ', 23, '...')
warning: dx>0.5*x, set dx to 0
('doing toymc ', 24, '...')
('doing toymc ', 25, '...')
warning: dx>0.5*x, set dx to 0
warning: dx>0.5*x, set dx to 0
('doing toymc ', 26, '...')
warning: dx>0.5*x, set dx to 0
warning: dx>0.5*x, set dx to 0
('doing toymc ', 27, '...')
warning: dx>0.5*x, set dx to 0
warning: dx>0.5*x, set dx to 0
warning: dx>0.5*x, set dx to 0
warning: dx>0.5*x, set dx to 0
warning: dx>0.5*x, set dx to 0
('doing toymc ', 28, '...')
warning: dx>0.5*x, set dx to 0
warning: dx>0.5*x, set dx to 0
('doing toymc ', 29, '...')
warning: dx>0.5*x, set dx to 0
warning: dx>0.5*x, set dx to 0
warning: dx>0.5*x, set dx to 0
('doing toymc ', 30, '...')
warning: dx>0.5*x, set dx to 0
warning: dx>0.5*x, set dx to 0
warning: dx>0.5*x, set dx to 0
warning: dx>0.5*x, set dx to 0
('doing toymc ', 31, '...')
('doing toymc ', 32, '...')
warning: dx>0.5*x, set dx to 0
warning: dx>0.5*x, set dx to 0
warning: dx>0.5*x, set dx to 0
warning: dx>0.5*x, set dx to 0
('doing toymc ', 33, '...')
warning: dx>0.5*x, set dx to 0
warning: dx>0.5*x, set dx to 0
warning: dx>0.5*x, set dx to 0
('doing toymc ', 34, '...')
warning: dx>0.5*x, set dx to 0
warning: dx>0.5*x, set dx to 0
('doing toymc ', 35, '...')
warning: dx>0.5*x, set dx to 0
('doing toymc ', 36, '...')
('doing toymc ', 37, '...')
('doing toymc ', 38, '...')
warning: dx>0.5*x, set dx to 0
warning: dx>0.5*x, set dx to 0
('doing toymc ', 39, '...')
warning: dx>0.5*x, set dx to 0
warning: dx>0.5*x, set dx to 0
('doing toymc ', 40, '...')
warning: dx>0.5*x, set dx to 0
('doing toymc ', 41, '...')
warning: dx>0.5*x, set dx to 0
('doing toymc ', 42, '...')
warning: dx>0.5*x, set dx to 0
('doing toymc ', 43, '...')
warning: dx>0.5*x, set dx to 0
('doing toymc ', 44, '...')
warning: dx>0.5*x, set dx to 0
('doing toymc ', 45, '...')
warning: dx>0.5*x, set dx to 0
('doing toymc ', 46, '...')
('doing toymc ', 47, '...')
warning: dx>0.5*x, set dx to 0
warning: dx>0.5*x, set dx to 0
('doing toymc ', 48, '...')
('doing toymc ', 49, '...')
warning: dx>0.5*x, set dx to 0
('doing toymc ', 50, '...')
warning: dx>0.5*x, set dx to 0
warning: dx>0.5*x, set dx to 0
('doing toymc ', 51, '...')
warning: dx>0.5*x, set dx to 0
('doing toymc ', 52, '...')
warning: dx>0.5*x, set dx to 0
warning: dx>0.5*x, set dx to 0
warning: dx>0.5*x, set dx to 0
('doing toymc ', 53, '...')
('doing toymc ', 54, '...')
warning: dx>0.5*x, set dx to 0
warning: dx>0.5*x, set dx to 0
('doing toymc ', 55, '...')
warning: dx>0.5*x, set dx to 0
warning: dx>0.5*x, set dx to 0
warning: dx>0.5*x, set dx to 0
('doing toymc ', 56, '...')
warning: dx>0.5*x, set dx to 0
('doing toymc ', 57, '...')
('doing toymc ', 58, '...')
warning: dx>0.5*x, set dx to 0
warning: dx>0.5*x, set dx to 0
('doing toymc ', 59, '...')
warning: dx>0.5*x, set dx to 0
warning: dx>0.5*x, set dx to 0
warning: dx>0.5*x, set dx to 0
('doing toymc ', 60, '...')
warning: dx>0.5*x, set dx to 0
('doing toymc ', 61, '...')
warning: dx>0.5*x, set dx to 0
warning: dx>0.5*x, set dx to 0
('doing toymc ', 62, '...')
warning: dx>0.5*x, set dx to 0
warning: dx>0.5*x, set dx to 0
('doing toymc ', 63, '...')
('doing toymc ', 64, '...')
warning: dx>0.5*x, set dx to 0
warning: dx>0.5*x, set dx to 0
('doing toymc ', 65, '...')
('doing toymc ', 66, '...')
warning: dx>0.5*x, set dx to 0
warning: dx>0.5*x, set dx to 0
('doing toymc ', 67, '...')
('doing toymc ', 68, '...')
('doing toymc ', 69, '...')
warning: dx>0.5*x, set dx to 0
('doing toymc ', 70, '...')
warning: dx>0.5*x, set dx to 0
warning: dx>0.5*x, set dx to 0
warning: dx>0.5*x, set dx to 0
('doing toymc ', 71, '...')
warning: dx>0.5*x, set dx to 0
warning: dx>0.5*x, set dx to 0
('doing toymc ', 72, '...')
warning: dx>0.5*x, set dx to 0
('doing toymc ', 73, '...')
warning: dx>0.5*x, set dx to 0
warning: dx>0.5*x, set dx to 0
('doing toymc ', 74, '...')
warning: dx>0.5*x, set dx to 0
warning: dx>0.5*x, set dx to 0
warning: dx>0.5*x, set dx to 0
('doing toymc ', 75, '...')
warning: dx>0.5*x, set dx to 0
warning: dx>0.5*x, set dx to 0
warning: dx>0.5*x, set dx to 0
('doing toymc ', 76, '...')
warning: dx>0.5*x, set dx to 0
warning: dx>0.5*x, set dx to 0
('doing toymc ', 77, '...')
warning: dx>0.5*x, set dx to 0
('doing toymc ', 78, '...')
warning: dx>0.5*x, set dx to 0
('doing toymc ', 79, '...')
warning: dx>0.5*x, set dx to 0
warning: dx>0.5*x, set dx to 0
warning: dx>0.5*x, set dx to 0
warning: dx>0.5*x, set dx to 0
('doing toymc ', 80, '...')
warning: dx>0.5*x, set dx to 0
warning: dx>0.5*x, set dx to 0
('doing toymc ', 81, '...')
warning: dx>0.5*x, set dx to 0
warning: dx>0.5*x, set dx to 0
warning: dx>0.5*x, set dx to 0
warning: dx>0.5*x, set dx to 0
('doing toymc ', 82, '...')
warning: dx>0.5*x, set dx to 0
warning: dx>0.5*x, set dx to 0
('doing toymc ', 83, '...')
warning: dx>0.5*x, set dx to 0
('doing toymc ', 84, '...')
warning: dx>0.5*x, set dx to 0
warning: dx>0.5*x, set dx to 0
warning: dx>0.5*x, set dx to 0
warning: dx>0.5*x, set dx to 0
('doing toymc ', 85, '...')
('doing toymc ', 86, '...')
warning: dx>0.5*x, set dx to 0
warning: dx>0.5*x, set dx to 0
('doing toymc ', 87, '...')
warning: dx>0.5*x, set dx to 0
warning: dx>0.5*x, set dx to 0
('doing toymc ', 88, '...')
warning: dx>0.5*x, set dx to 0
warning: dx>0.5*x, set dx to 0
warning: dx>0.5*x, set dx to 0
warning: dx>0.5*x, set dx to 0
('doing toymc ', 89, '...')
warning: dx>0.5*x, set dx to 0
('doing toymc ', 90, '...')
warning: dx>0.5*x, set dx to 0
warning: dx>0.5*x, set dx to 0
('doing toymc ', 91, '...')
warning: dx>0.5*x, set dx to 0
('doing toymc ', 92, '...')
warning: dx>0.5*x, set dx to 0
warning: dx>0.5*x, set dx to 0
('doing toymc ', 93, '...')
warning: dx>0.5*x, set dx to 0
('doing toymc ', 94, '...')
warning: dx>0.5*x, set dx to 0
warning: dx>0.5*x, set dx to 0
warning: dx>0.5*x, set dx to 0
('doing toymc ', 95, '...')
warning: dx>0.5*x, set dx to 0
warning: dx>0.5*x, set dx to 0
warning: dx>0.5*x, set dx to 0
('doing toymc ', 96, '...')
('doing toymc ', 97, '...')
warning: dx>0.5*x, set dx to 0
warning: dx>0.5*x, set dx to 0
warning: dx>0.5*x, set dx to 0
warning: dx>0.5*x, set dx to 0
('doing toymc ', 98, '...')
warning: dx>0.5*x, set dx to 0
warning: dx>0.5*x, set dx to 0
warning: dx>0.5*x, set dx to 0
('doing toymc ', 99, '...')
warning: dx>0.5*x, set dx to 0
warning: dx>0.5*x, set dx to 0
>>>>>>>>>>>>>>>>>>>>>>>>>>>>>>>toy mc details: checking bias ...
(0, 512.9745483398438, 515.5936123657226)
(1, 334.3147888183594, 331.8712924194336)
(2, 431.7106628417969, 428.62855743408204)
(3, 434.9547424316406, 425.642587890625)
(4, 602.65576171875, 610.113557434082)
(5, 453.71038818359375, 450.9279871463776)
(6, 441.8811340332031, 448.59773456573487)
(7, 401.4399719238281, 392.68920615196225)
(8, 321.727294921875, 333.4558733713627)
(9, 388.6121520996094, 399.6091146087646)
(10, 290.06597900390625, 286.47462852478026)
(11, 387.95257568359375, 386.4566006469727)
(12, 276.8946228027344, 269.48452331542967)
(13, 151.94747924804688, 146.1848422241211)
(14, 100.07476043701172, 124.58094752311706)
(15, 318.2548828125, 293.8206901550293)
(16, 326.9114685058594, 247.23752143859863)
(17, 38.88850784301758, 131.55400077819823)
(18, 66.53607177734375, 77.41759249210358)
(19, 79.9444351196289, 66.01290976226329)
(20, 60.14788818359375, 58.69097845286131)
(21, 59.904937744140625, 46.96338683247566)
(22, 56.98414993286133, 61.05129188895226)
(23, 51.51081466674805, 57.24575069189072)
(24, 50.49679946899414, 55.83950993537903)
(25, 57.00356674194336, 55.31644666016102)
(26, 101.76531982421875, 108.59282459259033)
(27, 206.7864227294922, 198.3331199645996)
(28, 385.9478759765625, 386.25344146728514)
(29, 573.0, 570.3594680786133)
>>>>>>>>>>>>>>>>>>>>>>>>>>>>>>>toy mc details: checking correlation ...
(0, 0, 1396.4011720025446)
(0, 1, -1488.9542806536483)
(0, 2, 558.6338941708091)
(0, 3, -1581.7535378451576)
(0, 4, 1395.425719541614)
(0, 5, 1153.9851322192117)
(0, 6, -1012.8115435827931)
(0, 7, 7.817407000780804)
(0, 8, -54.57436393079115)
(0, 9, -159.84511508676223)
(0, 10, 301.2768933387706)
(0, 11, -44.80089759465773)
(0, 12, -199.09457791686873)
(0, 13, -264.54780286295863)
(0, 14, -129.04195247634198)
(0, 15, 188.94300747089437)
(0, 16, 65.25126270405599)
(0, 17, 41.22698088976904)
(0, 18, -239.4144879038431)
(0, 19, 103.4313789609223)
(0, 20, 71.1337420932432)
(0, 21, 76.90920520652071)
(0, 22, -75.36647352670843)
(0, 23, -173.64928122958736)
(0, 24, 200.66954912530127)
(0, 25, 18.7983108018816)
(0, 26, -37.07189615780226)
(0, 27, -53.91784063045634)
(0, 28, 8.50091854360653)
(0, 29, -73.56028613721719)
(1, 0, -1488.9542806536483)
(1, 1, 3992.6963125500624)
(1, 2, -1598.9971796680766)
(1, 3, 2287.891512653907)
(1, 4, -3656.08358456532)
(1, 5, -1782.4801444979094)
(1, 6, 633.5989718398778)
(1, 7, 1940.6328767483792)
(1, 8, -1293.3746717775066)
(1, 9, 357.7377607085509)
(1, 10, 861.8531198995042)
(1, 11, -618.8206108432059)
(1, 12, -25.905148274454405)
(1, 13, 17.416658276342787)
(1, 14, 897.7842965041491)
(1, 15, -1555.7608723273297)
(1, 16, 667.5577634571819)
(1, 17, 351.96417846763507)
(1, 18, 187.80102794179038)
(1, 19, 46.173911772642896)
(1, 20, -37.00882186413946)
(1, 21, -175.5176852407567)
(1, 22, -278.39152920900597)
(1, 23, 459.92972685814675)
(1, 24, -293.5635291672661)
(1, 25, 143.3487002525835)
(1, 26, 189.8525539869006)
(1, 27, -261.250474864486)
(1, 28, -8.60824427632906)
(1, 29, 38.47730341705028)
(2, 0, 558.6338941708091)
(2, 1, -1598.9971796680766)
(2, 2, 1957.1426413749577)
(2, 3, -224.02104908358888)
(2, 4, 291.651057597599)
(2, 5, -1589.419485361519)
(2, 6, 2100.8569705460395)
(2, 7, -1229.4377796700865)
(2, 8, 446.35709697470884)
(2, 9, 255.858760464238)
(2, 10, -1030.0832440026716)
(2, 11, -8.349516884569312)
(2, 12, 416.50477675683214)
(2, 13, 314.95317894491745)
(2, 14, -241.00169230658503)
(2, 15, 630.4364102344553)
(2, 16, -609.4141983926384)
(2, 17, -269.9290132008173)
(2, 18, -253.44269264876493)
(2, 19, 74.50369940997916)
(2, 20, 75.67262343985203)
(2, 21, 83.79270163579349)
(2, 22, 50.441026452634105)
(2, 23, 48.363962132421875)
(2, 24, 225.14424089468594)
(2, 25, -151.29991394513854)
(2, 26, -186.87984472852258)
(2, 27, 71.05970679051825)
(2, 28, -308.04283157913596)
(2, 29, 98.94562865165062)
(3, 0, -1581.7535378451576)
(3, 1, 2287.891512653907)
(3, 2, -224.02104908358888)
(3, 3, 4375.048762150807)
(3, 4, -4805.531540298311)
(3, 5, -1402.1686566183344)
(3, 6, 1479.814903901337)
(3, 7, -2085.958333377581)
(3, 8, 773.2596355948481)
(3, 9, 75.0046951790282)
(3, 10, 864.2233412103378)
(3, 11, -724.2238803111541)
(3, 12, 857.5799104032048)
(3, 13, 1065.373249101569)
(3, 14, 553.8037530286383)
(3, 15, -777.4917797687376)
(3, 16, -303.7321935765649)
(3, 17, 56.970142117206706)
(3, 18, -136.37462697356386)
(3, 19, -184.71679099753965)
(3, 20, 168.05357992711652)
(3, 21, -34.62393318389877)
(3, 22, -136.7683806084533)
(3, 23, 172.25527395982863)
(3, 24, -103.39477312025701)
(3, 25, -176.33551724893914)
(3, 26, 15.478603301511612)
(3, 27, -38.875161223259056)
(3, 28, -403.013436292822)
(3, 29, 374.22585092531517)
(4, 0, 1395.425719541614)
(4, 1, -3656.08358456532)
(4, 2, 291.651057597599)
(4, 3, -4805.531540298311)
(4, 4, 9902.51475894032)
(4, 5, 7152.715855996823)
(4, 6, -5878.528712775093)
(4, 7, -479.69242850641604)
(4, 8, 613.0788504983066)
(4, 9, -2875.0199579774344)
(4, 10, -2604.991541290714)
(4, 11, 2712.4592197453894)
(4, 12, -943.0386037279386)
(4, 13, -405.0530322033446)
(4, 14, -1024.1303174540662)
(4, 15, 1573.4525838278641)
(4, 16, -672.1521268366196)
(4, 17, -558.4306619318668)
(4, 18, 75.25042671631672)
(4, 19, 75.06895231774979)
(4, 20, -211.47887199647812)
(4, 21, 152.52937011512404)
(4, 22, 286.68597382435837)
(4, 23, -476.3411220859416)
(4, 24, 324.1234091630322)
(4, 25, 337.947045659399)
(4, 26, -40.8704502707551)
(4, 27, 259.2747882617696)
(4, 28, 296.6398029604461)
(4, 29, -817.4745134139666)
(5, 0, 1153.9851322192117)
(5, 1, -1782.4801444979094)
(5, 2, -1589.419485361519)
(5, 3, -1402.1686566183344)
(5, 4, 7152.715855996823)
(5, 5, 29882.466921147687)
(5, 6, -26851.360895418446)
(5, 7, -3759.099264545075)
(5, 8, 535.174737220048)
(5, 9, -10026.405287842412)
(5, 10, 5903.652899229695)
(5, 11, 2974.2678687669395)
(5, 12, -893.9867216770072)
(5, 13, 615.0383952798729)
(5, 14, -593.1989773397727)
(5, 15, -1349.9473465180781)
(5, 16, -228.86122732542572)
(5, 17, 527.3993417803867)
(5, 18, -661.7610811735722)
(5, 19, 212.44167521089184)
(5, 20, 71.93390201151487)
(5, 21, -178.00882952265601)
(5, 22, 9.43488190386779)
(5, 23, -941.5933555009142)
(5, 24, 686.3922206444258)
(5, 25, 271.1741664660258)
(5, 26, 345.04061188830383)
(5, 27, -162.14384311446338)
(5, 28, -157.6411605065805)
(5, 29, 236.95816323760664)
(6, 0, -1012.8115435827931)
(6, 1, 633.5989718398778)
(6, 2, 2100.8569705460395)
(6, 3, 1479.814903901337)
(6, 4, -5878.528712775093)
(6, 5, -26851.360895418446)
(6, 6, 27152.718418369535)
(6, 7, -1003.797347675456)
(6, 8, 852.4385979257058)
(6, 9, 7380.771671389317)
(6, 10, -4737.556994837258)
(6, 11, -1824.5023615944083)
(6, 12, 960.5008526282472)
(6, 13, -519.5307505508172)
(6, 14, -391.62208522780566)
(6, 15, 2524.274003865168)
(6, 16, -111.51781012657739)
(6, 17, -760.9026519823165)
(6, 18, 653.1115755392966)
(6, 19, -298.2122258364361)
(6, 20, -138.1635695101795)
(6, 21, 345.71303052511576)
(6, 22, 51.6361343423232)
(6, 23, 701.2748711210916)
(6, 24, -530.7540611267286)
(6, 25, -215.78153673960333)
(6, 26, -453.4475180988011)
(6, 27, 290.28317988333583)
(6, 28, -65.35932462569326)
(6, 29, -333.14462255474064)
(7, 0, 7.817407000780804)
(7, 1, 1940.6328767483792)
(7, 2, -1229.4377796700865)
(7, 3, -2085.958333377581)
(7, 4, -479.69242850641604)
(7, 5, -3759.099264545075)
(7, 6, -1003.797347675456)
(7, 7, 19765.86657710874)
(7, 8, -12369.396311679346)
(7, 9, 2117.549459572183)
(7, 10, -895.1425077416643)
(7, 11, -1511.817193916475)
(7, 12, -1955.0678571565077)
(7, 13, 100.74590568616986)
(7, 14, 3448.9296781875746)
(7, 15, -4305.618684553425)
(7, 16, 3751.9415661111416)
(7, 17, 1687.003099761292)
(7, 18, -804.7316231527439)
(7, 19, -733.530361881636)
(7, 20, -730.3111807188761)
(7, 21, -367.38770564437436)
(7, 22, -924.7016827254774)
(7, 23, 391.42117228195275)
(7, 24, -611.0635858118985)
(7, 25, -76.47632745523151)
(7, 26, 376.4400726514141)
(7, 27, -524.9316745810793)
(7, 28, 894.0432494257402)
(7, 29, -114.22841987272841)
(8, 0, -54.57436393079115)
(8, 1, -1293.3746717775066)
(8, 2, 446.35709697470884)
(8, 3, 773.2596355948481)
(8, 4, 613.0788504983066)
(8, 5, 535.174737220048)
(8, 6, 852.4385979257058)
(8, 7, -12369.396311679346)
(8, 8, 10134.352017680241)
(8, 9, 1436.9999724334048)
(8, 10, -1231.916334564623)
(8, 11, 534.2128066704026)
(8, 12, 1035.8023983543826)
(8, 13, -442.04196367379336)
(8, 14, -2555.3999550219014)
(8, 15, 2837.452627944309)
(8, 16, -3161.1040663252643)
(8, 17, -1074.5294680481384)
(8, 18, 905.9115301740676)
(8, 19, 680.1926684333921)
(8, 20, 604.9047873368618)
(8, 21, 163.25719976679102)
(8, 22, 765.6966509306985)
(8, 23, -297.33639350795056)
(8, 24, 443.3961029141392)
(8, 25, 187.7482354272288)
(8, 26, -131.46555658448779)
(8, 27, 328.29179598421615)
(8, 28, -472.7615712517145)
(8, 29, -194.62749760219594)
(9, 0, -159.84511508676223)
(9, 1, 357.7377607085509)
(9, 2, 255.858760464238)
(9, 3, 75.0046951790282)
(9, 4, -2875.0199579774344)
(9, 5, -10026.405287842412)
(9, 6, 7380.771671389317)
(9, 7, 2117.549459572183)
(9, 8, 1436.9999724334048)
(9, 9, 9355.818671177723)
(9, 10, -4645.04402625552)
(9, 11, -2700.1029690703144)
(9, 12, -704.418595223382)
(9, 13, 441.76695817029395)
(9, 14, 878.9302715838203)
(9, 15, -2236.3784375745017)
(9, 16, 939.2552766415465)
(9, 17, -207.93817437642429)
(9, 18, 246.9600744285417)
(9, 19, 346.5967994664534)
(9, 20, 47.49457488388725)
(9, 21, -248.57994711766878)
(9, 22, -256.65070743714386)
(9, 23, 153.36650951353295)
(9, 24, 142.84026513650315)
(9, 25, 263.5619067765765)
(9, 26, 385.8639873960419)
(9, 27, -518.1415262817172)
(9, 28, -143.09881052051787)
(9, 29, -104.75400183766033)
(10, 0, 301.2768933387706)
(10, 1, 861.8531198995042)
(10, 2, -1030.0832440026716)
(10, 3, 864.2233412103378)
(10, 4, -2604.991541290714)
(10, 5, 5903.652899229695)
(10, 6, -4737.556994837258)
(10, 7, -895.1425077416643)
(10, 8, -1231.916334564623)
(10, 9, -4645.04402625552)
(10, 10, 8249.272190922915)
(10, 11, -779.3488804600638)
(10, 12, -1088.3674901067425)
(10, 13, -1801.4273227233934)
(10, 14, -207.51227413441666)
(10, 15, 706.968247046214)
(10, 16, 1710.010461261918)
(10, 17, 1124.523864660623)
(10, 18, 1.3918382750889577)
(10, 19, -75.52257731367354)
(10, 20, -357.1476452990464)
(10, 21, -202.65640053052994)
(10, 22, 224.21459869818136)
(10, 23, -225.43421462835067)
(10, 24, -313.61413918802464)
(10, 25, -428.34416384328324)
(10, 26, -124.70877789455335)
(10, 27, -335.6852051006863)
(10, 28, 548.693101085868)
(10, 29, 588.4233034849167)
(11, 0, -44.80089759465773)
(11, 1, -618.8206108432059)
(11, 2, -8.349516884569312)
(11, 3, -724.2238803111541)
(11, 4, 2712.4592197453894)
(11, 5, 2974.2678687669395)
(11, 6, -1824.5023615944083)
(11, 7, -1511.817193916475)
(11, 8, 534.2128066704026)
(11, 9, -2700.1029690703144)
(11, 10, -779.3488804600638)
(11, 11, 2127.8938033584272)
(11, 12, 1082.5785247325693)
(11, 13, 379.6387619175148)
(11, 14, -685.7314764772236)
(11, 15, 590.5016327597114)
(11, 16, -1365.9637980606349)
(11, 17, -639.6065204514671)
(11, 18, -7.272141959536384)
(11, 19, -176.42779154539312)
(11, 20, 249.46853428657778)
(11, 21, 250.24941781455345)
(11, 22, -116.35897148655567)
(11, 23, 91.5622661718553)
(11, 24, 110.71928390097673)
(11, 25, 288.7184100166778)
(11, 26, -27.51920286128734)
(11, 27, 465.119989368206)
(11, 28, -347.3099060326349)
(11, 29, -279.2345985438442)
(12, 0, -199.09457791686873)
(12, 1, -25.905148274454405)
(12, 2, 416.50477675683214)
(12, 3, 857.5799104032048)
(12, 4, -943.0386037279386)
(12, 5, -893.9867216770072)
(12, 6, 960.5008526282472)
(12, 7, -1955.0678571565077)
(12, 8, 1035.8023983543826)
(12, 9, -704.418595223382)
(12, 10, -1088.3674901067425)
(12, 11, 1082.5785247325693)
(12, 12, 3016.39075225922)
(12, 13, 1062.2829747870273)
(12, 14, -704.916994561645)
(12, 15, 755.2739681864768)
(12, 16, -2779.6616070041127)
(12, 17, -1082.1393922815114)
(12, 18, -62.376630358030525)
(12, 19, -242.17643999025313)
(12, 20, 766.9569397912601)
(12, 21, 487.96309513851884)
(12, 22, -90.95357700717068)
(12, 23, 395.97480348145837)
(12, 24, 36.53805297418694)
(12, 25, 277.9506228513419)
(12, 26, -456.79451992694885)
(12, 27, 642.1858909842267)
(12, 28, -797.2287469480652)
(12, 29, 231.64313182007754)
(13, 0, -264.54780286295863)
(13, 1, 17.416658276342787)
(13, 2, 314.95317894491745)
(13, 3, 1065.373249101569)
(13, 4, -405.0530322033446)
(13, 5, 615.0383952798729)
(13, 6, -519.5307505508172)
(13, 7, 100.74590568616986)
(13, 8, -442.04196367379336)
(13, 9, 441.76695817029395)
(13, 10, -1801.4273227233934)
(13, 11, 379.6387619175148)
(13, 12, 1062.2829747870273)
(13, 13, 2149.667364517012)
(13, 14, 108.23836426897469)
(13, 15, -1693.9306371835119)
(13, 16, -1022.2003833700364)
(13, 17, 221.3895945950353)
(13, 18, -193.61458521240093)
(13, 19, -55.65408959815613)
(13, 20, 289.58245127623377)
(13, 21, 66.23143141456967)
(13, 22, -572.9195936401538)
(13, 23, 75.25259122358511)
(13, 24, 65.89454822551033)
(13, 25, -5.769574748504965)
(13, 26, 400.5826450269451)
(13, 27, 100.14049039199745)
(13, 28, -600.3001343813739)
(13, 29, 102.79435644518526)
(14, 0, -129.04195247634198)
(14, 1, 897.7842965041491)
(14, 2, -241.00169230658503)
(14, 3, 553.8037530286383)
(14, 4, -1024.1303174540662)
(14, 5, -593.1989773397727)
(14, 6, -391.62208522780566)
(14, 7, 3448.9296781875746)
(14, 8, -2555.3999550219014)
(14, 9, 878.9302715838203)
(14, 10, -207.51227413441666)
(14, 11, -685.7314764772236)
(14, 12, -704.916994561645)
(14, 13, 108.23836426897469)
(14, 14, 3679.957573578413)
(14, 15, -3630.3500906590416)
(14, 16, 2354.3280571722607)
(14, 17, -235.95008233871886)
(14, 18, -824.6947427305804)
(14, 19, -110.50419483605674)
(14, 20, -353.9067881529709)
(14, 21, -206.76610613937373)
(14, 22, -421.6786812740602)
(14, 23, 321.77310013479473)
(14, 24, 206.2315485655281)
(14, 25, 174.9431569614062)
(14, 26, 238.69289842699618)
(14, 27, -570.6016672822552)
(14, 28, 66.34667740565055)
(14, 29, -42.951160888085724)
(15, 0, 188.94300747089437)
(15, 1, -1555.7608723273297)
(15, 2, 630.4364102344553)
(15, 3, -777.4917797687376)
(15, 4, 1573.4525838278641)
(15, 5, -1349.9473465180781)
(15, 6, 2524.274003865168)
(15, 7, -4305.618684553425)
(15, 8, 2837.452627944309)
(15, 9, -2236.3784375745017)
(15, 10, 706.968247046214)
(15, 11, 590.5016327597114)
(15, 12, 755.2739681864768)
(15, 13, -1693.9306371835119)
(15, 14, -3630.3500906590416)
(15, 15, 7300.1400999904)
(15, 16, -2491.0468722593796)
(15, 17, -604.8145694222694)
(15, 18, 752.0868707300542)
(15, 19, -20.05931201545536)
(15, 20, -17.614989289908408)
(15, 21, 418.9244270500767)
(15, 22, 1494.8199116214637)
(15, 23, -426.6436188844964)
(15, 24, -446.14598218124956)
(15, 25, -470.352073474347)
(15, 26, -1271.963119690794)
(15, 27, 939.9597217313494)
(15, 28, 487.7200402036833)
(15, 29, 97.16446986043593)
(16, 0, 65.25126270405599)
(16, 1, 667.5577634571819)
(16, 2, -609.4141983926384)
(16, 3, -303.7321935765649)
(16, 4, -672.1521268366196)
(16, 5, -228.86122732542572)
(16, 6, -111.51781012657739)
(16, 7, 3751.9415661111416)
(16, 8, -3161.1040663252643)
(16, 9, 939.2552766415465)
(16, 10, 1710.010461261918)
(16, 11, -1365.9637980606349)
(16, 12, -2779.6616070041127)
(16, 13, -1022.2003833700364)
(16, 14, 2354.3280571722607)
(16, 15, -2491.0468722593796)
(16, 16, 9690.238512620039)
(16, 17, -3013.0908056574917)
(16, 18, -819.9291614040994)
(16, 19, -259.61990133229665)
(16, 20, -761.208821280552)
(16, 21, -604.6160153182936)
(16, 22, -292.4470104626271)
(16, 23, 77.37054493373216)
(16, 24, -407.5103103602414)
(16, 25, -400.09774356725757)
(16, 26, -62.626786419768905)
(16, 27, -866.2694753276082)
(16, 28, 1036.5757212517492)
(16, 29, -59.45864946258371)
(17, 0, 41.22698088976904)
(17, 1, 351.96417846763507)
(17, 2, -269.9290132008173)
(17, 3, 56.970142117206706)
(17, 4, -558.4306619318668)
(17, 5, 527.3993417803867)
(17, 6, -760.9026519823165)
(17, 7, 1687.003099761292)
(17, 8, -1074.5294680481384)
(17, 9, -207.93817437642429)
(17, 10, 1124.523864660623)
(17, 11, -639.6065204514671)
(17, 12, -1082.1393922815114)
(17, 13, 221.3895945950353)
(17, 14, -235.95008233871886)
(17, 15, -604.8145694222694)
(17, 16, -3013.0908056574917)
(17, 17, 5978.569089428125)
(17, 18, -400.43929654095155)
(17, 19, -180.4564844157103)
(17, 20, -252.1489550167571)
(17, 21, -424.1230722859318)
(17, 22, -341.0624292423554)
(17, 23, -3.038009398392205)
(17, 24, -81.94040484447305)
(17, 25, -613.6370803895643)
(17, 26, 458.178408893722)
(17, 27, -212.17454914548216)
(17, 28, 507.3184293940576)
(17, 29, 1.8084817058697809)
(18, 0, -239.4144879038431)
(18, 1, 187.80102794179038)
(18, 2, -253.44269264876493)
(18, 3, -136.37462697356386)
(18, 4, 75.25042671631672)
(18, 5, -661.7610811735722)
(18, 6, 653.1115755392966)
(18, 7, -804.7316231527439)
(18, 8, 905.9115301740676)
(18, 9, 246.9600744285417)
(18, 10, 1.3918382750889577)
(18, 11, -7.272141959536384)
(18, 12, -62.376630358030525)
(18, 13, -193.61458521240093)
(18, 14, -824.6947427305804)
(18, 15, 752.0868707300542)
(18, 16, -819.9291614040994)
(18, 17, -400.43929654095155)
(18, 18, 1452.1293695375525)
(18, 19, -92.78034990469132)
(18, 20, -55.6886041327225)
(18, 21, 112.16564722264457)
(18, 22, 359.0256838757605)
(18, 23, -205.65876451306212)
(18, 24, -120.89750967130021)
(18, 25, 58.09514886364286)
(18, 26, 91.68814687181839)
(18, 27, -14.168867877102457)
(18, 28, -72.7295597640732)
(18, 29, 70.35754993034789)
(19, 0, 103.4313789609223)
(19, 1, 46.173911772642896)
(19, 2, 74.50369940997916)
(19, 3, -184.71679099753965)
(19, 4, 75.06895231774979)
(19, 5, 212.44167521089184)
(19, 6, -298.2122258364361)
(19, 7, -733.530361881636)
(19, 8, 680.1926684333921)
(19, 9, 346.5967994664534)
(19, 10, -75.52257731367354)
(19, 11, -176.42779154539312)
(19, 12, -242.17643999025313)
(19, 13, -55.65408959815613)
(19, 14, -110.50419483605674)
(19, 15, -20.05931201545536)
(19, 16, -259.61990133229665)
(19, 17, -180.4564844157103)
(19, 18, -92.78034990469132)
(19, 19, 934.3372552927322)
(19, 20, 44.921116747942506)
(19, 21, -78.24625634542508)
(19, 22, 114.37461849395731)
(19, 23, -137.3899796335395)
(19, 24, 186.43763200617104)
(19, 25, -123.7835564620782)
(19, 26, 238.10039260050326)
(19, 27, -148.93203650327087)
(19, 28, -129.99304716546249)
(19, 29, -8.574527571574436)
(20, 0, 71.1337420932432)
(20, 1, -37.00882186413946)
(20, 2, 75.67262343985203)
(20, 3, 168.05357992711652)
(20, 4, -211.47887199647812)
(20, 5, 71.93390201151487)
(20, 6, -138.1635695101795)
(20, 7, -730.3111807188761)
(20, 8, 604.9047873368618)
(20, 9, 47.49457488388725)
(20, 10, -357.1476452990464)
(20, 11, 249.46853428657778)
(20, 12, 766.9569397912601)
(20, 13, 289.58245127623377)
(20, 14, -353.9067881529709)
(20, 15, -17.614989289908408)
(20, 16, -761.208821280552)
(20, 17, -252.1489550167571)
(20, 18, -55.6886041327225)
(20, 19, 44.921116747942506)
(20, 20, 915.0128065792023)
(20, 21, -44.027388808312935)
(20, 22, -440.50291914337186)
(20, 23, -13.592247491805665)
(20, 24, 159.7131480080866)
(20, 25, 320.07474432213894)
(20, 26, 26.387125899045714)
(20, 27, 42.640103977590115)
(20, 28, -307.6744379254851)
(20, 29, -133.47481599485036)
(21, 0, 76.90920520652071)
(21, 1, -175.5176852407567)
(21, 2, 83.79270163579349)
(21, 3, -34.62393318389877)
(21, 4, 152.52937011512404)
(21, 5, -178.00882952265601)
(21, 6, 345.71303052511576)
(21, 7, -367.38770564437436)
(21, 8, 163.25719976679102)
(21, 9, -248.57994711766878)
(21, 10, -202.65640053052994)
(21, 11, 250.24941781455345)
(21, 12, 487.96309513851884)
(21, 13, 66.23143141456967)
(21, 14, -206.76610613937373)
(21, 15, 418.9244270500767)
(21, 16, -604.6160153182936)
(21, 17, -424.1230722859318)
(21, 18, 112.16564722264457)
(21, 19, -78.24625634542508)
(21, 20, -44.027388808312935)
(21, 21, 462.8038529258856)
(21, 22, -33.083402524624944)
(21, 23, -90.35086308704967)
(21, 24, 32.19425542574663)
(21, 25, 205.58134691125224)
(21, 26, -149.6068489514355)
(21, 27, 99.42931362966374)
(21, 28, -100.74070304215638)
(21, 29, -19.4091672773975)
(22, 0, -75.36647352670843)
(22, 1, -278.39152920900597)
(22, 2, 50.441026452634105)
(22, 3, -136.7683806084533)
(22, 4, 286.68597382435837)
(22, 5, 9.43488190386779)
(22, 6, 51.6361343423232)
(22, 7, -924.7016827254774)
(22, 8, 765.6966509306985)
(22, 9, -256.65070743714386)
(22, 10, 224.21459869818136)
(22, 11, -116.35897148655567)
(22, 12, -90.95357700717068)
(22, 13, -572.9195936401538)
(22, 14, -421.6786812740602)
(22, 15, 1494.8199116214637)
(22, 16, -292.4470104626271)
(22, 17, -341.0624292423554)
(22, 18, 359.0256838757605)
(22, 19, 114.37461849395731)
(22, 20, -440.50291914337186)
(22, 21, -33.083402524624944)
(22, 22, 1252.9092353580909)
(22, 23, -435.19238767431307)
(22, 24, -7.839201874889113)
(22, 25, -337.45762221661334)
(22, 26, -336.9270220743174)
(22, 27, 150.1762609024281)
(22, 28, 106.0925823595644)
(22, 29, 232.79407237965643)
(23, 0, -173.64928122958736)
(23, 1, 459.92972685814675)
(23, 2, 48.363962132421875)
(23, 3, 172.25527395982863)
(23, 4, -476.3411220859416)
(23, 5, -941.5933555009142)
(23, 6, 701.2748711210916)
(23, 7, 391.42117228195275)
(23, 8, -297.33639350795056)
(23, 9, 153.36650951353295)
(23, 10, -225.43421462835067)
(23, 11, 91.5622661718553)
(23, 12, 395.97480348145837)
(23, 13, 75.25259122358511)
(23, 14, 321.77310013479473)
(23, 15, -426.6436188844964)
(23, 16, 77.37054493373216)
(23, 17, -3.038009398392205)
(23, 18, -205.65876451306212)
(23, 19, -137.3899796335395)
(23, 20, -13.592247491805665)
(23, 21, -90.35086308704967)
(23, 22, -435.19238767431307)
(23, 23, 743.0062501959587)
(23, 24, -148.86499064233976)
(23, 25, -7.024990518683353)
(23, 26, -91.68665651016363)
(23, 27, 58.00492488895179)
(23, 28, -23.905406120637053)
(23, 29, 8.146031089960161)
(24, 0, 200.66954912530127)
(24, 1, -293.5635291672661)
(24, 2, 225.14424089468594)
(24, 3, -103.39477312025701)
(24, 4, 324.1234091630322)
(24, 5, 686.3922206444258)
(24, 6, -530.7540611267286)
(24, 7, -611.0635858118985)
(24, 8, 443.3961029141392)
(24, 9, 142.84026513650315)
(24, 10, -313.61413918802464)
(24, 11, 110.71928390097673)
(24, 12, 36.53805297418694)
(24, 13, 65.89454822551033)
(24, 14, 206.2315485655281)
(24, 15, -446.14598218124956)
(24, 16, -407.5103103602414)
(24, 17, -81.94040484447305)
(24, 18, -120.89750967130021)
(24, 19, 186.43763200617104)
(24, 20, 159.7131480080866)
(24, 21, 32.19425542574663)
(24, 22, -7.839201874889113)
(24, 23, -148.86499064233976)
(24, 24, 708.2213922992196)
(24, 25, -25.70248571185175)
(24, 26, 96.8364289486808)
(24, 27, -82.42821643632851)
(24, 28, -339.7028385141857)
(24, 29, -111.93009986728794)
(25, 0, 18.7983108018816)
(25, 1, 143.3487002525835)
(25, 2, -151.29991394513854)
(25, 3, -176.33551724893914)
(25, 4, 337.947045659399)
(25, 5, 271.1741664660258)
(25, 6, -215.78153673960333)
(25, 7, -76.47632745523151)
(25, 8, 187.7482354272288)
(25, 9, 263.5619067765765)
(25, 10, -428.34416384328324)
(25, 11, 288.7184100166778)
(25, 12, 277.9506228513419)
(25, 13, -5.769574748504965)
(25, 14, 174.9431569614062)
(25, 15, -470.352073474347)
(25, 16, -400.09774356725757)
(25, 17, -613.6370803895643)
(25, 18, 58.09514886364286)
(25, 19, -123.7835564620782)
(25, 20, 320.07474432213894)
(25, 21, 205.58134691125224)
(25, 22, -337.45762221661334)
(25, 23, -7.024990518683353)
(25, 24, -25.70248571185175)
(25, 25, 1215.4410283406528)
(25, 26, 80.16754991313246)
(25, 27, -67.96068830612785)
(25, 28, -475.895936295361)
(25, 29, -267.6310754717306)
(26, 0, -37.07189615780226)
(26, 1, 189.8525539869006)
(26, 2, -186.87984472852258)
(26, 3, 15.478603301511612)
(26, 4, -40.8704502707551)
(26, 5, 345.04061188830383)
(26, 6, -453.4475180988011)
(26, 7, 376.4400726514141)
(26, 8, -131.46555658448779)
(26, 9, 385.8639873960419)
(26, 10, -124.70877789455335)
(26, 11, -27.51920286128734)
(26, 12, -456.79451992694885)
(26, 13, 400.5826450269451)
(26, 14, 238.69289842699618)
(26, 15, -1271.963119690794)
(26, 16, -62.626786419768905)
(26, 17, 458.178408893722)
(26, 18, 91.68814687181839)
(26, 19, 238.10039260050326)
(26, 20, 26.387125899045714)
(26, 21, -149.6068489514355)
(26, 22, -336.9270220743174)
(26, 23, -91.68665651016363)
(26, 24, 96.8364289486808)
(26, 25, 80.16754991313246)
(26, 26, 1169.5832565118108)
(26, 27, -107.48840197557365)
(26, 28, -471.40397317343013)
(26, 29, -162.4320769409387)
(27, 0, -53.91784063045634)
(27, 1, -261.250474864486)
(27, 2, 71.05970679051825)
(27, 3, -38.875161223259056)
(27, 4, 259.2747882617696)
(27, 5, -162.14384311446338)
(27, 6, 290.28317988333583)
(27, 7, -524.9316745810793)
(27, 8, 328.29179598421615)
(27, 9, -518.1415262817172)
(27, 10, -335.6852051006863)
(27, 11, 465.119989368206)
(27, 12, 642.1858909842267)
(27, 13, 100.14049039199745)
(27, 14, -570.6016672822552)
(27, 15, 939.9597217313494)
(27, 16, -866.2694753276082)
(27, 17, -212.17454914548216)
(27, 18, -14.168867877102457)
(27, 19, -148.93203650327087)
(27, 20, 42.640103977590115)
(27, 21, 99.42931362966374)
(27, 22, 150.1762609024281)
(27, 23, 58.00492488895179)
(27, 24, -82.42821643632851)
(27, 25, -67.96068830612785)
(27, 26, -107.48840197557365)
(27, 27, 507.1909575791069)
(27, 28, 103.93795719568152)
(27, 29, -92.72565957905317)
(28, 0, 8.50091854360653)
(28, 1, -8.60824427632906)
(28, 2, -308.04283157913596)
(28, 3, -403.013436292822)
(28, 4, 296.6398029604461)
(28, 5, -157.6411605065805)
(28, 6, -65.35932462569326)
(28, 7, 894.0432494257402)
(28, 8, -472.7615712517145)
(28, 9, -143.09881052051787)
(28, 10, 548.693101085868)
(28, 11, -347.3099060326349)
(28, 12, -797.2287469480652)
(28, 13, -600.3001343813739)
(28, 14, 66.34667740565055)
(28, 15, 487.7200402036833)
(28, 16, 1036.5757212517492)
(28, 17, 507.3184293940576)
(28, 18, -72.7295597640732)
(28, 19, -129.99304716546249)
(28, 20, -307.6744379254851)
(28, 21, -100.74070304215638)
(28, 22, 106.0925823595644)
(28, 23, -23.905406120637053)
(28, 24, -339.7028385141857)
(28, 25, -475.895936295361)
(28, 26, -471.40397317343013)
(28, 27, 103.93795719568152)
(28, 28, 1347.8315795722883)
(28, 29, -178.28993924928363)
(29, 0, -73.56028613721719)
(29, 1, 38.47730341705028)
(29, 2, 98.94562865165062)
(29, 3, 374.22585092531517)
(29, 4, -817.4745134139666)
(29, 5, 236.95816323760664)
(29, 6, -333.14462255474064)
(29, 7, -114.22841987272841)
(29, 8, -194.62749760219594)
(29, 9, -104.75400183766033)
(29, 10, 588.4233034849167)
(29, 11, -279.2345985438442)
(29, 12, 231.64313182007754)
(29, 13, 102.79435644518526)
(29, 14, -42.951160888085724)
(29, 15, 97.16446986043593)
(29, 16, -59.45864946258371)
(29, 17, 1.8084817058697809)
(29, 18, 70.35754993034789)
(29, 19, -8.574527571574436)
(29, 20, -133.47481599485036)
(29, 21, -19.4091672773975)
(29, 22, 232.79407237965643)
(29, 23, 8.146031089960161)
(29, 24, -111.93009986728794)
(29, 25, -267.6310754717306)
(29, 26, -162.4320769409387)
(29, 27, -92.72565957905317)
(29, 28, -178.28993924928363)
(29, 29, 912.1627886748756)
('binning =', [50.0, 65.0, 72.5, 80.0, 83.75, 87.5, 89.375, 91.25, 93.125, 95.0, 98.75, 102.5, 110.0, 117.5, 121.25, 123.125, 125.0, 126.875, 128.75, 130.625, 132.5, 134.375, 136.25, 138.125, 140.0, 141.875, 143.75, 147.5, 155.0, 170.0, 200.0])
('fsc =', 1.0060246376564173)
('showhist', <ROOT.TH1F object ("hout") at 0x8eb0dd0>)
(<ROOT.TH1F object ("hout") at 0x8eb0dd0>, 30)
(0, 34.19830322265625, '+/-', 2.4912301040093467)
(1, 44.5753059387207, '+/-', 8.425038147015583)
(2, 57.56142044067383, '+/-', 5.898613986164634)
(3, 115.98793029785156, '+/-', 17.638440368746753)
(4, 160.7082061767578, '+/-', 26.536368012643003)
(5, 241.97886657714844, '+/-', 92.19491147571725)
(6, 235.66993713378906, '+/-', 87.8831036415394)
(7, 214.101318359375, '+/-', 74.9819374082099)
(8, 171.587890625, '+/-', 53.69041003264447)
(9, 103.6299057006836, '+/-', 25.793461595170335)
(10, 77.3509292602539, '+/-', 24.220134420653377)
(11, 51.72700881958008, '+/-', 6.150546574965228)
(12, 36.91928482055664, '+/-', 7.322890446033475)
(13, 40.51932907104492, '+/-', 12.363868116819212)
(14, 53.373207092285156, '+/-', 32.35341539305607)
(15, 169.73593139648438, '+/-', 45.568457238624845)
(16, 174.352783203125, '+/-', 52.500804853415026)
(17, 20.740537643432617, '+/-', 41.237977195967204)
(18, 35.485904693603516, '+/-', 20.32363480727723)
(19, 42.63703155517578, '+/-', 16.30236306507398)
(20, 32.07887268066406, '+/-', 16.13289525866244)
(21, 31.94930076599121, '+/-', 11.47353410385187)
(22, 30.39154624938965, '+/-', 18.878110906304844)
(23, 27.472434997558594, '+/-', 14.537675194326615)
(24, 26.93162727355957, '+/-', 14.193295617164551)
(25, 30.40190315246582, '+/-', 18Info in <TCanvas::Print>: png file Cs_A_case2_method4.png has been created
Info in <TCanvas::Print>: pdf file Cs_A_case2_method4.pdf has been created
Info in <TCanvas::Print>: png file Cs_Rx_case2_method4.png has been created
Info in <TCanvas::Print>: pdf file Cs_Rx_case2_method4.pdf has been created
Info in <TCanvas::Print>: png file Cs_xb_case2_method4.png has been created
Info in <TCanvas::Print>: pdf file Cs_xb_case2_method4.pdf has been created
.59369377131239)
(26, 27.137418746948242, '+/-', 9.119778775140684)
(27, 27.571523666381836, '+/-', 3.002786728147652)
(28, 25.7298583984375, '+/-', 2.447521721226767)
(29, 19.100000381469727, '+/-', 1.0067344285553914)
